$ANSIBLE_VAULT;1.1;AES256
65376663306638383232376232346366376262326433363462376134303537653364363365323735
3535633561303435633631636633383865316566383462640a666237376232383961623865393466
35393162626463363465316233333564336330383231323166313035623766373538393036353564
3630333736636562650a356530636663636166316334343461343664373136313331313066393262
62366236613639626663333338613034393562343032366338353931343332626264373635373736
39633661303332336565626666623036663936376536643332656564326134303631336238616538
38373863616566316133653231343862313834336163356461346162366533323539393537396435
31616333653464666462393361343638326236653563303436643833633337363433636539653762
32613531616339653232643832333337663836353135333239623166323635663635343331393935
38663238613436646438616530643835316238613064356131616137393734353638623564386632
36626435333338616465616530353464306331356439363432363261663534383539616466616330
38636139343939393237313664346137353232653163376433313130373065343232393638393563
34383834393738306132303730326262393739616638313662613435333839663436333039343537
33343031376538636266353665643462663538376166363730626236653064643536663939373837
64313239396463306234373562353038616334623637333334356238636535336538316165363738
32613161336334383836353766656434366336383964386563323639616361346162363331383063
35346531323262306533636465663539303561613835643439636239343530376665306435643834
62666435333333393562663631613663613063386337396436366537636430336135623933663438
66336661653065343038636331303437333735613932626166636361346339336231373130396337
66393535316233373630613539376665323061663065323236653737613462653134396331376335
39616437346562626435396236363035353562646337313033303638643038633062353836333461
65343863656164306166653336363935343234343262373437666139633430613234316637623762
30356466653865313431643364366632633139336239353263343235386136663965366231353937
30633639613433353932656566653130613135346664366632356661366335353137316333623064
37653266343561323031646365373462653632376263653133333866326463333438643064393364
64333939376631656236303338396339316438386338643062343764366538326638376537373537
31356531643633383836646162633434386166373032313266653135663235356230626635316539
33613331656363356431616132353561663861396432376330643566653531323262363933306266
34396566383165666232393232323464323535653835303162643564353265303530656232356662
66326231383761386264323237646662633663336362666133306336656130323437373965616539
34346465373861333466366238326539336532393765383937353431386336363263316236613733
61326238393738353165323564623731373630623536336135393665393331373966363435646639
30326631613362663235356636353933656333313637646264616632653465663638633833636139
32383964376364353331383261373432396164653363303530653839346539363963343935656633
30656262623839613334393562303539313330343131316331353237363634323635363737396138
36653166643964636663333137656339316564323531333031313461373030623165313434663666
32623562363231653366383334306538643866353937393163323530353063653738363863366132
65633031616135613763653638363533663430383566646130366562393165343065626136303562
62383363383365373965656530653134393431333937643566373761353462346133646563373765
33663063303664623765323037613163626335316638393163303335663764663238343337363732
36373339366331656132336565396364336439656361346430336366373536353331363938396233
33326233383632363665306465363337313531376366373230323936653330623139366266366438
66393663663063383038383032393034626531616236366233376134303532386438363134613363
62303030316333613836353738613937363962366536316461343632366663316361396465353565
38303833376536383562393261623830623034336266346538393838333830376663323639623133
61323531356362373531373738656533323930366335656434353432333666353238306335383062
33366635633030343730633635333061373831313238646563653763343131303133613738343834
35653562306333303830393231633137393437633132343437303566646439663161303661393561
65623335386238613861316535663230636230366266616435323666633131363736303533663663
38653137303837326239623564336534653734383163376166643566356361656531383062363631
38373165313938636262626664353635643933653736636434663636623431306439383166633839
34336335623934643731613131323934356261356330383437383263653234643737336466343338
38336139326431376232303131343764313062373232326162383965353530373939313439373337
61653731343232313737323330623838643930373566323062646435623435643864626563313761
35336663373037343361386161333563326137316464376239663965633261633262663639373933
38396434366236626464626364333836313863303466316462376266626566613162623630356262
36313331623731313265346163366361616566633663336164383530643637326432303433643131
37383837393431656463373164313264356364386136363865356565383339343832313165663630
37623832353531363866643431326564623832393936653663663939396432613336623061376630
33343262613764346533316432396230656639666232313737393033333966613961363136653263
66343039313061323762646335653338386435663166313335623835306365646132313336323262
61643565343135323330633066373061646130656531306565633262396364636231666262653461
30656331663862366365653864663465366336316237326562656463373264613135656233326431
63313330663838653866306538623936663031666138323135363839303430376530386332613465
35336465653461626262663939636166336336306163373564393339636433306334386561396432
36663936333138343066313866646235343436663762613431323137396664396464333335346166
32643061663030383764633737653838366531666464323133376434646339663739356537626633
32376138366330633165656563633138646438333462646136653539333937363163346566343738
66353062623339346139316233313866613938393466613539363332383166346132643563383633
62313535363430343938366133616434623134646461343264623935353566336462383338393262
30353362633765373863616435363139373065636661663337383036353537616166376433343764
63306233313463396265656662656636336164376135623432356465366638343434613133346231
63383866653130393863306363323439623632343039373831313036326666613834613837613564
62346633313263353035393164313762383565376462653965366533623137616535313234663664
31353235333532373564323233363966636431316263313130313963326638306463633866323433
36623637656130643936623361643062366266383733313362323932623132653263356466313532
36383339353930313931383265363737396165616664303038613530663464333337323165333535
38376636333536643133653936323735653365323338653834633038346336623864366463376661
31376232356662626235656139373031353137333637343233646336323930666562646263323935
64303763646132323063356263623965613237373531303934646265646332353530323330383935
35313862653538366334333437393332626566333330333334386635616338653833643535623134
31396530313863323835316339633863396361326366653261326135373465626663666236363637
37633531663030623762383237363262613536323464393731363063613730303534326133333430
31323038333638333934666433666565363732646430376132336463323964303239633931663632
31316137396563383839376566373164306230353161353139363238346531653861383439653633
37303661643833313735303638303034666635633764386530393730663236353934663061366365
38313465633565373032383861633361343632623031636466656162363738636331663531636662
38313234313636393639356134343537646662316432343466356134316632613335663264356463
35353363323862383738663339333132633564623565643963303565656461376438333463613031
34333432643231316238633038316262643466386562336233373930626462336164613232306538
30333661306363396134363231636336613438663262626261616132386262303164376362333362
36353034383464333738353866306363613261616561623262396130386231393235316639303063
64643537636235383532386534333438393166643636373831356163323139663561313466376634
61353766396661633336376432313331643933383862633665353364393461636562383436656363
30633865663931383461636133336538373661343665323132373535356332623265623535393365
36316532336434643963613237343962356639636630313533313936666530333266326565626362
37663131323461333361633536393061336539393265303961613132316430323932383736653835
65626132343361616332616361306364353662353239323638303065396337613463306535653761
31383036323638353134326332333833343564653135313539333266376366656466336139393633
61356634353138316132623834666130623232316436333362623561313835303639363663613538
30653034613734616233386132336162643234396564666161633736366438636564393065386263
64653333313564383865363437616130346165323032376162616664343062306434393530303537
39356236623733616538386362623634363762656238303362323936336132343762633730373135
31393731356131393233306366336462373835343234663331623262393133323666393034643433
63313230653337376163643638353335386262393434653331663366656665623933333535393038
38386332303361373930636438613862666432356662313266383533393461616466633465363761
37663962323231346163306237376634313366613835306639356461363438366235306433346539
37353432336265636639666134636335393362633161316366343630333765363438626131323466
61343265373134343363323838383537393134343061363435303035383237333764326662346663
30643235386230393262346135396665636436623561373261643437333261356532613862386162
66643665326364383932356463373434646464636631323735323363333639613765393237623864
37366338653330636461353738393162643762316362633035656165643236353261383065633733
30383433626430356534653632306532393762623634666339653035613937656231616465633063
62633533666336393161326461316466373664373438353431316432613465376133336533313565
63376337653935613866613338343138343938383461633466396533396337346430623065336264
30646236393438636139373032623637613366616532653932313639633938303534643165636530
30393930643038366533333839313030643530623432323437613165633835373838396239366462
32653333326132356536366262643763663939386638663866366338653965353831306436313534
61313664376332313464663964323765663037346464313265626165326139326262386463663865
64313262363231663761313839303031396332316430396662656334646265396239336332653339
61623137633330366638303037363935396536383432613138326536376463656634663564666330
38383864316130316638613564373761396532626437343464363431336664336332643731663730
62633133353966623038333937623261613830623166316536396332623635376164326164363832
62656564646530653565333232663239303739323262343762613237663565303835376566376438
63613264363565306335306337616161616565633935343633623130373463376238383462656334
66353330333664623462313432353834656362353864633834363863626234313432653933366537
65323366353565333632363539313166306334313731363731323934383537316134333137363530
34373264346535366464336139383733613366633430386261653033623664363537623061353335
63313232626137643163643039393838393364303133356663353161363438643139636162636530
65373138666637303737393364366336343233643534323530386637656165353462343363373637
66346435643934316362666638323061393630396466643636363235336430613865623931643137
33383031386361393265663832623362663961353766356236653734326336636137303035323830
33373462653566396461326437353234343137616536323533316132316335666636323932666534
34393736616165333330396431306330333430303430396337353165663031363933313766316365
61643034316130333261613865666331336266303064633737393831373733616334663261663732
39386463643332633464306335303636616237646437336163333231366463343035633566343465
33663532643665353065393330613366636638663038356566303061393530623862383138623663
39356437643163633837316363643061653665343935626636616465303132656530653536313163
61643139366135646638393334313666386364373039343734623464303335643935383834636262
32613536643661333836313466333762623830653636623964336266336137633562633362363837
35376136343864643037316262666235386630346539613837613936623366656135303061616265
63313363333536323232636262333965633965656339386536346466353964386431613762666230
64393638303730643231373830643639383536326565623439623765343335633864633430323636
38376333623562336661306664383934623237343132326361613466613438323639646638646163
36656139663065303233386666653130323065356531633765383963323032366463356333306666
35316464666462323535396330663036633931636437376461333465646437613563313432383738
38346566353438633039616161646338373834393432613437386363303630643864656534653265
63323134663832613932643162336135653239323537613331343363623466323361656464303661
32663837366333366235663531653862303464343031666533623433653265613036393539663436
38353739376531373663623663656538336133316434326331333338653135306665353832616431
32646231376339373537373332653037303164303462643338626166613836656239383734646363
62373033363439626565353961306136346566653533326161333030373734326533353033353734
30323334666435303466363462643731613730306263333930653030336165306137666134313333
39303537383732326365376461393137363165623161393236666562666163363837643963656631
62383534306464383565326538366332306362386633636531653135333533666566383337396136
35636239306135623335633566633735393965353835396361346138343230653765623234366238
36386431623533653036346636353830653134663638616335323032316162353636653136363463
61306132326234306538333032353933643536303936306334323065636634363233386636666131
32343666376239336438303961613438623435343736326236383864343336326238636333376336
63636636373434346338303039343762353038363839363938303533656664366238346263373536
36343731306534373961386364303239393634383538653662646431616665653961363965343634
30353138313262643538306133373662626530336230366333376237646330346532363932346362
30386464363031303035393038353739366634376136666135656537633065393662623433663834
33316336303765363537346537306336636463336336653932306234633062356434303131646230
30376630336532316139323961643965353732313135646130343734623034346265393263323234
3064303039373466356563386130656337626234363362313533
