$ANSIBLE_VAULT;1.1;AES256
65323334336364306533346333633330313838366636633461323663383735616230666137326561
3130353531343563633730346330623630653862376365310a623337383637386139623662363739
35346335396239646431613838663731313431386363303864636261643733613932636136646165
3133383131646230380a353830313865393566333331393933356233333565303266393931613964
36376234356666623765396433643933376662343436346639643334326364386235613136356232
39316438616339303636363462383538393736623338306663306238303639323139623733626537
62643965356134326565366361313466353232346164356533313033646337353138656332343531
31303035646438626231376563373034333531653731633064333263356134396566336130663562
62383030343535623838356463636465303163633839306432363836633236326335306464633138
37393164356261646534343561336437366634316631363037623162313933313231336432663664
65343031306163636364346565303561663762316638643139313831636162376139363461353531
66343133636131636636393564636163333161646364333361393635666530323538376238633162
38646436653464383634356531663237356333613331653031336439313233633232356234363563
35363961393337373936636366393034343166366463353533643939363238626363636435366536
37666361366462336430333730613565383436663434383133643136643230373531376533613537
30636431613563636366343261336537616530636336663036373536643036663666343063356162
63323364646139643161306163633063633766626434616631626462666239623266393863663566
32386634333233396364646431393962333339313562343338353237613338623130393865383732
30356631643938373330303838383332653132323566343632336234323033343438316138353033
63373835316163363963393136323532626633313234376536633366393333373538303663316664
36663634323537343732343161633233613239376337383035633735343562393465306139633863
35316335343539343762646539643861396138393562623563373739613831636164313531333139
66636666613766306538343435623234393536643066616432663662326433336539633465373064
30373731336530323735386166633134383330333339353837656666643131343166613332373866
34626465303362666632646364383530373137373234353761356137383564343536616138613261
37636632313033393338363362363039323134613031646361633466353961636664363431333161
33336364383731373435656366303462663230316438373632333761313433333938333864663763
32623933323031333064343039346132653035623730313033613030336531303638323431623431
66363936643036353537383263323436633039343833656333636466656439393834323966333961
39646532343431343136646338333337636435663366663235323630343933666332363465386661
63396166663638343163643266326132386535623637343365376334653264623734613731366338
36363765616639323161353437393738393162663866643937343836386330663236636461326539
36653461326532646238356233313163636631393634386461666235393934333130623837396238
31663438363966386639303032323932626365656234356632636138326432363863623666346464
34396139393630663235613937613766646533336161353337663733333863323230356665353862
65346165653533616433633235636130623836313236336636646337626462323834623962306638
35653732326631336564323932353062633966323536346233356635366363363536356464386139
33323061386235663231326537643730626139313663656334353361306562366139636662343234
30663163303761626661393934323563643734343134613230353035646232663539353333353337
65636330383739656138663265396636376534653134333536663035386265316331646136396663
30613136366139313964323939613637666433323637373464323731333162653162306439336661
64666362633064316465326530663134343136383930326363326130383134316565326234323037
31666630393264656336333364366236396663666633333932313966626139346432643638353964
61663736326563356435373931326461393566393665366233393334363232356331646362646163
34336162366231653963346437646539656330623262623434636135613938373936613334366331
63353832366135396364363734613032353736383237653435656331346437343131633532623737
66643865636633303339346538643736313464313332343961616564386134303763383064636663
32656332623834646333373338643835613636326238333537623462666435633033373964623338
35616364383161343166656530356262616339636335346234636530656537393938393936386164
66363838633564323732306563666165366130623765623934616464313062623264366164333533
38356433376239613732353236633831666561643464626436323362353061383933623164663461
34623763366465653061386635616630303864323563353765613162643635353539326666313434
31313162373165313439663039323937326162386535653435386639316430653931616663306332
65653034653233643037316431616134393138306132646261343336346362336635643139376335
61323666306438393136613263633534366465643738646535376363343536643464396562643133
31393630393037383461353737346562316162393336653230613664656130386638376437643637
31306338653931653461393132643934313533636263383236666237343036653831613733336431
64373931376666376230646265376539356333633266383762643565313663333263306633333733
31396338616239313135303530393433303162356239633665623538333831373363383232326232
33396166306462666165306133336366636433316363373262613235333831636636346131646436
33646238663132623262363838653139366363663436633865303632356638313962346331336434
33383639373464623563376237376262666333306639353265653964653833313938393633333630
63363936343434623862383666366338313738316161623461326639326436393261373030333365
35656135666264663666343330376136353861313138646664663635643430353835383533336163
38306663356232626634653563666166353466343537376332623932333963306664343335646630
35623732396466383261616334313134323064353364613061336330643738636261333863396536
33373466316138323337613238336635613066373238343635333931623932373632386134396331
62646639646262353830333165373532313036373638633866386631393139646362383965313636
66393562653031623435383132663431663233333130356561313039303065623738333839373733
62336535366364623166346333633431323862356637303134396165643431613663303837306665
38653565326465633830393165353762333035366430333636366339663039653834376130393139
34623535363631353138656137383861623236646639653733623130643461343765616336393238
39316337386635613461653863616663613633306332646238313465393735633730326463623731
64326438633735383536666234623065646262633463653166323862656266356337633231316134
61353631383237653361373364306535383863363933613033653631353365666262323439643833
63376235393931316461353335323835313134626135633137663935383733316638386436343232
31356638356633353737333537633963343263613766663164623265346130333739633533616465
38343034623533353465393539316330336130363038313166373331633963633138663563633839
35663138303861633630626431656565613263613965313065653332316434346430323163616635
32383633383632626132643733623163643435303134646430353530343363653965356336393964
65666164386665383965373661376533623265383737666332396431656365383435646231633430
62363531333961373133353836363862353164333063643238386138666637643733623361663230
36363137616437326134383664316531643862643137366338393734313430326434393537303533
62373761376366643261353263663663626562313762333533376430636135616439643031373434
30616637336636346134326465323935313465326334633130633034646466613361303761623830
62373139613733643262666138653636393866323830363630343039333331303835643433343534
32333636623964653862643839313638376637636665653739373739636232303738303838616366
39656162343363656139
