$ANSIBLE_VAULT;1.1;AES256
39383438333530653935633236323437636665313064323033636133306535643139313936396231
6635613535376661623132663835363031636336616463320a313632666466653639633835303766
35643139373532303330613934306263326464653734393934396234303733396461386533333432
3932353339393133350a343864346338386163616134343636623261326430646561343565343536
63366166346463336266346537396464636565646465326533323634643335323130383463386663
31376535393834333636303831646361393837343261376539363836663839326531313835323033
63633364313163303863343537613062316462396464343036633838626636363835386437376630
65326231316535393231303433353264333238626264636137633436656234393335653234613235
31646236633730353963313630323633393636346537346632353537343739376463643164616365
31353664383238306632663937653535333933326463353563393337636263653866393835643561
63633638336163643831316439363930363331353233383136333238393535656665303564326637
38356464336130363033333833316465663339396239663338303339626166356565366632626134
64666430386235636533376461633339316361636362346162316565653735623330666437373462
61636337613830616534306262643865656239346136613361386633346130313533643835353132
65376265623039356137323538353032353463323536353135633836613165393963633961663432
65396438623136366564633464383835336663663937653636373136336165663635363961623632
31623166633166343731643337663061333861663966323136323261343464643139303233336263
36393363663732623433343435396239343762393434353135323532373464653466303930653262
36383862303337366530363538356630373862396436666261376330393338343066343731393866
38303334313731613139643861326132356333323332303064323339613565613639376436653833
36666564623463646366303236653036326561313665333830646538663835393833373961663064
31646638653535306234643638633361323166306165333039613839646535613537636338633062
36346263653138653763383266323962396263396535633265363466366435393334376363643532
38336466626564383630613633303465363564323662616133363363383234373539666133313436
31346561313038313136326666323838343331663831303032613235396530366335366633326536
37333437636264633964623063316363313033396438313732323139633462383762323531306137
63653338616139613239336161306437306332303034356339356330666137663261363430303030
35346230396134386161653764366135356362316431353934626130396133353436633063316331
32396566633162316636633863353934356466346638353636333866343633636436613764353739
66626666643731646530643434393064343865323434313038653065343235623136323566653061
66333765396166353833636566346364663934363464393832656431386132333538336362626365
34343234363866613761393838613130303635616436643866353966393661653862636561393966
37386263306532613938663134623234663537633334616335323766306636356331626234353230
37646161613336656437656635653337333534313937333863653037336138336434646236396565
64396437333538346366323333383237366332626235383230333030326636326331613462343361
66373831376435363632353430623330363165356532333331626134303335313130616666303765
66343965633137633963343331363661623662656235373563376631346134663234306666323962
37396366656132363931613036613539636634363936393736383833656263633165326430396164
32616433383431333735636165643533626138626134366466343433373063633362636163616438
30366263626235316536633430653034313262623737316231323963353263356231613066626161
30656363616363333335643731343631363138343666356437633830653464626134353964356237
34613362356363613961343531666166623334353537316462303263386630363266323834643433
39313362613635356137323636373933616161313764336361333964353437396330626235626431
30326334363062343239643664616530333865653738326364356335393239636663656163646335
64646662396565326433316533323537336237383466356130656364623236373133666633373436
62303065343665396632653735356464373932663230323837313230373165666161346630626633
64393034333366356566353633623630656338336637313662623837646664386530626338373863
61306238376237363266353465323865663637633634396261646639356530353363633363333239
30623735306136313634373738666562373037303031663566346237366465373236353630393266
31653231333562643335323737653134363431383637656431623566626330326365383735333364
66376563303764393735666331373430663866313934653130646463643236623461343461353535
62363337656233323062633430363265653166363661323430346636303338393065396530636130
32396466373430646666333039313733346663616461653866343834313636326362353132386435
39636634643063336465383163386537353636373130653564373366353931336136626538653630
35643530646233316337616431623561623264326562306235346230356330346264663561336461
64613865646265366366376265323934383462323833313032643463643834396338386465643765
61386632623436323637386534333333306630633230313062336535353735633231623934643362
30396464323465626164306633376132653264306532383461306330306437613662656265326235
36313663656262653131353339303464333535343438373939613430653231313838333133356166
30373364366333663033323534626361393531326239356139343238326534393135363536393730
36303230393263303731363632363438353032393832373033616462316561343766663065623534
35666231623539663430386366383032383237313161316633396563303836626664326338376239
64616236366163386161373132646462666637343831666163666134373561373938643634373231
31633938616136383339373639363633373466656365616138376133623631313761643531636130
32393232616537636364613232666263366433346534313732353464306265633163373431633865
37636438363238623166336463393237636462663963323062393338353832666634383930373936
39363135343932326438666463613035383631356533323835633366656163323131363232393335
61376130356239333431653331316336663562643438393437633337303734643334323461633934
39343465663130626239313139326261313663633431333466303836336430306663326665643763
36313063623835313236613236396130396662343935623533303766376436656464656330653763
31313534323436306434616661343862653066373638313832653564643934316638323330633934
65613266356336313436343464616264393836393533323534336132323538303830326563383938
31323137346561653237616532303735376535396335656166363134626236383263383233623037
31616536363466666538646231613865616663666661663333343862643431316666313361313664
36613733316233343939323863336235343330653938646433623935353232636634326538656530
35653263646166636230643133326634306335653030646366303637363031656363356136636132
61306364373361383562316465303432626530303864636663626536333530633435346633643162
36393364333964623363643361373361633332316662333465353736613839313063306338396364
65393930666435353439613235383133343239346237393063633735366136303461643430663461
30653533633237633365343439633330353038613837653264343462353839383863366566326263
66373534363131666664623662346430396634366564356663656532643362393665323464373630
31656562343439613463386663323633373630306334343737613937303362333932653163636163
36303535333162363337376161623361353739373336646232306632326631326230376631346130
31643831343235366530383337623337333362636161336334306332346533393466396330383139
66393062653165643334383365643138623539303162353161383434643563373631646333373461
66663434336636346338346466393334313561643464383539313537646636353762326434613232
61363264396436383864623530613466313136646365336264616639366564313964353965633165
61326634346533343363326335653831623535343466623063653330653837613634306438326563
32316364313439363063353136613530356166303237323837373062623437393034643262633466
34336263363362656566656530386664366636313333326631383734643164623431633664396231
30643233633162323830303565323864303832346261313833363531623037323132336530303931
65623833353765636336393961376638363032343233666132383563383533383537303839653466
32323639366431363132373331393865386266333234396437383236396332396237626437643631
35386466333038386631666161636133653839393562316230386664373561623534393131323366
32613864343463383831646631613161646562333232376666616336303436613931643930623337
66616334613939373130643862303233333662366632373863336266356135363434363532653961
64323630656562386430626234336537646339613837343535393462373932383435663437653130
61313566393831313765373034623231386430613738633235346366623037316130343737396339
61386531623639333330336266653835313739613530353330666534323433323964363236316135
61613065393730323737643665393439626564663634643533656632643762303533323761373436
30313534343339633931313931373566666333383861323666643065336639316261306161353766
64353632643264323338666561666533373731363232376161666231343938396232313333346539
39636638666462333735303732613239336463346539363630303465313632383337653562656330
33306532376538316339346534393635346463336262323365633336613163306631623664396535
36396135353866356131643463666338633035633166366432663265313464626666323664623836
37336636616635353334353761653831633739393837663465393639616339323265323830336135
38323833656630303565383530346139346338363062323565383038336531353064643666333033
34663432643365616135343737316361646364343038653766323765383332343062333238303036
35653036613632393133393033663136326666313662623132643666363532616666616366643961
32366537376534643735303562343936383064636436623138653764643462303938663531343661
31343431396164343737623739653237626633313266616261356430376664646133393831616136
61653062326665396131313530646165353664616565356364353434353663646634363532653032
61663031643261656532346537623034366130613530313334646637373762303466633433656661
61626664633366386536333437306537323132623565353235616438336161356665356664373761
32643163346234303139393165623835613665323733393737366566333766383638636632396633
32633136393635313761383436623334343036323663323766653736643066313633373039313530
37303832396539656330623232633237663539336233366139346263353031646430376566343464
30303033646538613065366366323831353133656635613461316163366162633661383432353334
37363561373461636338336263393831616664303937626131333435643230316537343734393035
32613566343863623263653136633438616463366431336430313936393434663838326636363936
34633131383661653565363436626137646436643162653830633235636632393661353264356435
63646162326364623362633835653635666630323831633230383662663563626336633663303130
66656431623735646537353534356636626561663134663862393962353930653161663761633463
61326538666531646465613561356237353037363733376638303038363861316465376631346332
62376339653139623737643735616430623136333963366131386237623465633962626362343937
64393133343063643139373339613662396564336137613437623663646565353063316335333930
38343730653831626561363733396538326364376434393130386337623264653731363663393164
36356164323336343834373632363731383362333835383835363638323066373130333632613964
31393432363734386263643437646336613330336438643435663439653464323135376261633237
38636337633837633330313363383462343863373466343036396662663633646635373663386562
33343536646363366239663466373636343532396534633930393435313065643639376339316332
37663635656433633430376666373030343031303738373639373561366332376239666134316136
35333932373164353532333033323230656536373764646538333239396263333162343134653562
35333334313231656637653966343935663166623033343633376339346539663531333837663063
66303861623730336530663266306534643862393835316535373665643362633333356663643638
37643339356135383030373965313864353564616564663666363332613838303231383631353265
39333635336162373064636266653538613562376239363632303166393564343738656232623035
38323564656133666666656664646134393832346266383666633134303133376138643937646336
35646633393536313366653332343638623739383632643731333531336162343336623866313964
39393532623666313132656239343564386339616366313234643063333836376131363063646532
64356437313238663361626262643466666162643363306265346131616662333564643037323430
32643861306564383966666131346334353364613365393061343038383838303266653736323239
64363331333233313537323763643366636634646430633937613536316531653931633238663763
39633331306262643338643630386332643831386135326432343733313430663862386461646334
38633938353066386161393131613033383761333164356331653964663538653838326639393131
65336266313635643861313365636230313165633833633063353161633633613630353832386631
37343134333133633739343664643733613061306565373730303231636136336132616538386463
37333331376535616162383862646430303964633637336234646633353230333931626663653633
31303061346533336466653139353635383662666230633937343636613564633537316438636132
66316161636136613864306439363536386465353032396534303134633837306538313839393765
37373564383732353431333038326534626133323030636535643264333836313165356562306132
30616463393664633066363064326136613636613039653963663765303762663339336130393233
61616133346264343264393835383066363437626663383839333130633563633961623633323734
64393232316539306139626538323136323434353634366564333562656639643032366238333837
37376461646461376166663830333466333438323263333531326332323061306464333531393232
65353338303562333966386537363838306461636436656434613033666233653162333964643966
63626262653862623664313330313834663263376164366134323631376136313663386239333933
39666531313833383036376530393064633164303430616637343466333533633835323065663331
61653764633833663164323162666636643832636164393732373766616335343032633033613939
32343038643362343032386633623366373164616434393035663363336635306236396465336461
36623730613164363439353035343033336531666332366361313039633935383239663638613237
37376564643830326666616233336538366564396135613563623136303438373536393137646438
36323866323534616132393865393163313632396134633564396166303035626139326635346665
65333834326637613463343565333462353731383933383364333938393762363436353664356337
32306331313034376439323632376132386265326663613364383462313732306165366539626630
6161396237393032363037303839643830353865346432373437
