$ANSIBLE_VAULT;1.1;AES256
30393531376230316638663365663161643735306264643663313234633361663936313539383463
6564386165646266623735646635383165373633373930650a633831656233386466326362326337
61353037303639346664333837396132306435366639623964623536316335333133643965316362
3833613435343565360a656332633631363262616265393363316163663963646361383661633535
34373438613236353631613364356662336165373862313935363435366130373735623330373839
33663831653364343933643535376563636433313835613466383764316465323464373762663934
61326463343432383761663737633761303237346262343732613631643364396461623638656661
66373931373338623435343562393439386633646537366535616264376132393061383066363838
36353636323636396238303461323566643536393866653733636262333964363032626132396331
33363964323335373839383730653461356365663331376135333736333137646161366534646139
35333264303664376533333533653133303136613362303830633865323334323639646636366230
65633666643135613666636133393034323533336533363931356261626131383763383931353935
63316234396536333761353636376334656236663865646164396135326463363638383364613030
34353334343163356234373131636664373730633037646462643962333339353636323962346261
33346662343139303939623066626566356639303863336133356435303261663938653164333038
62383430333865393162336439653133316463373533393062663464636337306263383163656363
36633738346638323164303035653964666433336439356438353336366262316361376437653765
31643439636635356437353966636530663337633831333831373461656365393732626334633661
64653132636638363662303435303831643737306562333762313862386561333838366138303830
62626466326131626362393264643539333639626439303930333634373638396533653665613162
39366132366234333333376635613037323834393262353032376431336663653062616162613739
64316362306266623931373662356434373635346437376361613831366137326533353663666434
65383836343338366138316133326139613131663336366365643164643130313235316533373533
32623038643439616332346537323264376537313636313638626635396366333364613763303862
66656364613033643062333138626432663838613064633135656664336132626336376230383837
64313030643831613464383739343134396438303134366138333935343236346462336265316435
61306237353936643932613835663065626462346131313562326133643732343635623463383164
31656365623966643862333038663635393736666638616439613863663962643831386163323561
38393133616261636535313163363830306230363264643563323234376264303962373661613963
30383635346233323833656639383530646463313832623262383063373762393932626438373464
39323837313437363935646162303939663664356264643133306464343232363132616234616436
32636133633461666161653634343332313931346431393133323135316138343436633662376339
32663461353136356665613636353838633033383435646564626339306239643265303032373332
38656637313862633266623566306331343335666132393864663138383330646635363564353638
61663466313237363961336334623131633663386165396236633435343061633139343761396161
31303662373637383932303233343632343432353531326635343662366434343964393865333030
39623234323162386136353935303236393732373535313239336564323762313961303130366664
63663636366238333538613737653838316661643462326565316665326138373737656136616531
63393663363063613536313662653961313639316433633832393463323266386233373733356166
36303832333139373965633162303433626365373333333639316364633335313166636534646436
32633432386539383538386131316338323131336134356632633061373464646334623263386433
62333464623332306439656535663436613138616237386631366437393362343830383861396435
64383831616337376537643661616132646539316262356531643562326565383463333364626162
66383262363938363039303965653963616265333366336461303432356132333531373962626439
38363164316266623837663131383565666239386237653137356330396664643862396532646662
31303334663363363661363732393633326665323839363433356364393135333661646138616435
30633230623134613831326332393530613036306565613939643866303961316433633062366166
39623938663635303934343262316530653131363161303337366639306137396533656139633264
33353238323130623935636637303338623936383136313832383362643964613230346164383638
35633736663261366633623934633065613936646634383237613136616563353162396463616162
61376261303262636566313933643330353234346535623264326263343764373466346435666132
38306532343261613162343639333062656131376564333163343539663438396163356363663032
34613262636536653162353237376638643938303662623239393637633061313930303265656463
36663462303139623466666436613938333361663963373765373262353835653465346635666238
30646131323862373433383539343734346466626564343530333131336236623638656637396663
33373163356534383230306330346437383530643639396263363733353439643139346632336338
38653030613661353833393037613139316137656632333632363735616432333334353064383033
65306638666335353566303630626666626237636165353531333364393036623863666164316539
36343936336462386635363664636463653966663862376463646137636534386664613465353733
65396434306531646664333865373961303565303066366635346665323839633234373066333636
37393538373965393164613535323831363162656239323236323362393937656535356339363136
62356537323866396663396532303938663838656136613962366232666132393535666166353930
39623966653733633538313564386564333538376339313338323538373434323866646439323330
64303332666463306130326336306337663735316363616139306266336364333033386431363532
65636161636131633738376365353666363231303838333730646664616536303533326464396438
31353633353263376536376365336364396333346464316239303933356261643263356561666264
65623465353135663637386536666465343835316431626433316430653236396363316362653664
35646462666464353135383936393162306137663964646331313165393134643337373234383066
32363133396634366434366233616235396363343431663339656564636335303765396137643637
33663865346333633961336161363033623036623136643535626133663662333937306435623566
37353466396165646437376231373834363437636630643165356165636634353134393162386132
66353666363837333037643937393166306231386163643739623136623066316339306135663431
34326638623633363966313339383638356633316636396636313936363736623361373834326238
37616561666230376534643838363566383535613436363236393231636566613730336535376438
35656532343764356531326566396466333630646330323832383638663432356634353232623338
33366264653665373861366337643036313938303939303431393866353531333265623137343431
35666639633561656663636163383263396130376231343634663139613332333238666432303739
62343766346637346638306562316161643233366532393337613534303032623234663962646338
65613165666433356234393331336339613337363735363363303637343033346464333537326333
35333438643365613335343331323136643936376336326362363930343030663261396464633634
30643939356533383130353430353332333062303930633030306565386534323564623063363930
32636664356335623261613831326461363863316431656333613865386461386534366232306337
61366639366164656139343765376333663963306433666430333834376664383461613036346263
39653930643062363565613432623266336539666561646138663663363434386462643064653461
66343234393938366135326335356535346331396633363439353032303065626131393861326131
33376636333562366332386433613938646432323034326430363835626266666665613531303963
61636161663766303837306662653165353135396563323066353531353332663664643331653131
33356438316665346365
