$ANSIBLE_VAULT;1.1;AES256
35393632626334646538306165313466633935353163336232383039316338633064653537666236
3966386562383738636131316231636664633361313430330a323533666633363866643463303033
35373233313232343734376431653964653632616434313735653732623733623432333336623138
3365646237333965360a626634373165633138393261393963386336633264303536343234383838
64353563623939386461313263323265306665343830353833303565316635383730623537613436
31613131306531363330633334383563646535313863643539376534306634323932616265373461
35643835633430333234383332346564666135653063326536646661326664643161613664373264
65376536313236643237643332313464653866313430643261343132383166326130663738643139
37363534653535326331636631306266616565633961306665376333363235333266346633383937
66346265313535626435323964373638636538636462633338623738323534653866336335313833
62636563353261316466656363323537373736636437393832653739306264333738626236333432
37643936373139366466643333383338313630363563353135613331393933623334383431663932
62666531613830386264343732346232353736373137636130326364323832626662326439656261
31366461636132393664356662343064643062376162393139616632366335343535343735323235
65643137396162396662313065636364313566663463643639633531396163313539316339313761
35363735393237313037363264366162333166376566636461656265316538633532616331626365
37366235613738636265353737323336323130613332393935666461303166326530316433326535
33383834613637623737613330373663626234326664666438633537383365386263323566643830
36343037386162393466383337376330613030613032323935333363366666633638613162646463
66653038316336353365613730313231653862363837353635633631373734656338313135323362
63653431346232303533326362393433313463346566363232326261613738346539633238383863
36313161373165303961333835343735613337396536353862326361393365623136376434636332
38323136613136623563636131643333373562393566636639653931643831393562303836373134
30663561303462346139346638643432663536373639653335366166303834323764373134626666
35613237343732323736646639363235313362643733633264656136303864343931393439393735
30666330386166623738363762396532626465663934366164343632666665333130646366373464
38336463316266393963633933656265323736623332303037343630373630363533643433333362
64376235626164343862333935643462646639306437633064326634663565353439346134366238
39643235386436653564626461383538633537653661393866653833323431313161643735383336
64643238613563333766633961313963393132363262353939333136326538373230383032376261
39333635396232626135666232323731336561666562666237653665366265393634356565373666
34393139656536353933306635323963363565333934303966666632653962363535343637633039
39643935353865643335383336623261663635303063326464343235356666323239616465626562
33643436636632343461393663646636316466633437373466343266353934326637323039633961
61353163356239316362623432346635373233333838373939356330316466666636366662373931
39353039663132363632306461616362336362653135313139613562343833303138356566666133
31303539306532396534666138336465383064633739303266613930653863386461383061623835
32333738396362643937306164383335643239623931303332653664323838316264313837353633
33393765313065383839386133393733643662626630326566303866663465306335646265323063
32373934663563656436366463346131343963386664623431343136363762636631343130646361
37643565316530363436616462666639656436333131633662373865383161316565306435336465
64346263366533383335363239363837323666346439633762333362353035363335346434633062
38326462333561616663313635326134343534393130373030613933343134636234333338653439
61666161376538306464653762656566366630316437343038393336626337336538356530363538
32633635366164356665396264346463313832356530373336346465643632663632386139373536
38643262363361373734336261666538666663326534663865626231623932383030313066643138
31633835396136376338623461356635616364663461303161306361333730343662393331373732
34623934346233383133323538643164363335353330666333333965303438656161636337646632
37636437373939353064363939616334393436623763663661313739323434396236613636633338
36663639323731646335306530663530623962316436633030653033336364366435316332383230
33373035623438333165653431323063393763646565666238353663353064306166663066316463
34363566353134623232323732616238336438383265353932653233303934313335366464636530
63343065643763386465386434303830363264313232653034366262653864616266383163663835
61633332363137303461626666363863623436623135643261316433376265333262643035313938
32346230383139313335663163316138656637306465643731326230373935323638616432653037
30623034383764613534626130626536636263613236353735633537663231653063616235626235
36666633613531653866353834633363383661366139353532323266396631366262336131356232
38343536393330353736343431626230613735386539326531613637663332333534656632663962
37636234346239333831663037643865306165336138613235303038333663656332653835346131
31333432316466303466613965356164633739303831343765376334383933663431643337623163
35633039663134316461373830623964343866356532333738396463366366396663373732653033
35353062636665323261623161363439306234653562633135323934386333353731383762363461
36366138663931613332313838383431396563646366623566373761373436653861626363663162
36656631353738303830396631396431626436366465623138333463636130396665353365373662
62333061356534313931623333646333636337393062303032313364346233646236373964343738
31366630303064386536323738323666643565376166313335323137623466346339333361343463
32383037326633616330363432623763633532323661626635363137626361626639623463393437
32653431356266323630346465343037363637366233623661353164373736313936623831333935
30353633333464636264633437383239333434356162373738383861313437653565333336303738
62646336666137363762663637393832333061353039376361393735656466356261396235346234
31633632666364323161633931623366346438616138393230636339303430303564336234326538
64623130303361326132323539373839346437616566643361396135666534613738366533613032
35636562313866353934366166613732616534653365656161363936376433326530663564386238
34393236393664613934646163316163343132356431346238383361666637376334623234633063
39626135626337363166333038316434336330623562303735326566623135626339666462623736
38626164646366373630613730356331373963376165373363663462306166306163316631336661
63313635643962373831643835333038666165353765303537663539663639303733353534626333
32353935376662653866643163353562313838623539396231366535343537653435326331353736
30346134313732623432383732626561363731616365393931666266343436396130356136633532
61643332363238333430333361383939333762356361386165663064666164663465386635633934
39366362613938633734386538643031353765306666376464383666393737383461373665636635
38653530653666353535623131333237396363663231646534653836323739326630666439346466
61616334363131316164623062386334353063616535396362663561323161326331316135666532
38623064313338663065616364316235333230363966636231623232653465313938336537363939
65383735623961656635626336613932343464313338623762616334663463343163643063366637
35613862313463636239383638666262323964656534306136383464386638626366333336626536
38323464353365316131393663393162383536376235306162343330386234343933653330653166
66626166393938346466
